MAE: 1.2092765789918214
RMSE: 1.7847466172583148
R2: 0.5335549684092025
